18.5944704 73.9275889
18.5000482 73.85901319999999
18.51576 73.85688979999999
18.5009698 73.9429625
18.4726725 73.9784573
18.4726725 73.9784573
18.5756298 73.76432059999999
18.5143336 73.8649302
18.4901977 73.8397009
18.5362084 73.8939748
18.5336133 73.877178
18.526664 73.82532900000001
18.5020208 73.8150849
18.5243308 73.6138821
18.4840972 73.8110279
18.4914883 73.82172899999999
18.506479 73.87505
18.4452577 73.8610191
18.5144313 73.86538329999999
18.5274647 73.8253649
18.4452577 73.8610191
18.5019469 73.86629169999999
18.5541722 73.8264239
18.508934 73.92591019999999
18.527059 73.862528
18.5538241 73.9476689
18.5512771 73.92098940000001
18.5051743 73.8793951
18.4726725 73.9784573
18.5529226 73.879711
18.559234 73.87850999999999
18.5091098 73.8552472
30.4750254 77.7652346
18.5770411 73.7779125
19.0948287 74.74797889999999
18.4637401 73.8508098
18.5590032 73.7867629
18.5063909 73.8602841
18.5204303 73.8567437
18.4527707 73.8669677
18.5051349 73.8665321
18.5204303 73.8567437
18.5332778 73.937156
18.4940703 73.86763470000001
18.517454 73.8612411
18.5204303 73.8567437
18.5204303 73.8567437
18.5082486 73.8440548
18.4455227 73.8305055
18.5323976 73.94406459999999
18.9698331 72.8168383
18.5788913 73.7706807
18.5204303 73.8567437
18.4654546 73.85468209999999
18.4917176 73.8240616
18.5529226 73.879711
18.5966513 73.9265252
18.5073514 73.8076543
18.5021281 73.83211039999999
18.4930461 73.8207698
18.4952128 73.8167261
18.4529322 73.86523799999999
18.5204303 73.8567437
18.5204303 73.8567437
18.5384839 73.93559139999999
18.5096028 73.9470036
18.4661512 73.7821719
18.5086429 73.8314091
18.4869571 73.9433299
18.5204303 73.8567437
18.9801516 72.8346543
18.508934 73.92591019999999
18.5788913 73.7706807
18.5415099 73.7924769
18.5419934 73.78161539999999
18.5009698 73.9429625
18.5330323 73.933003
18.5042097 73.8590865
18.4603452 73.8692574
18.5204303 73.8567437
18.5019469 73.86629169999999
18.5018322 73.8635912
18.4726725 73.9784573
18.5529226 73.879711
29.9093759 73.87998050000002
18.5662076 73.8113004
18.4962306 73.95269789999999
18.4726725 73.9784573
18.5053012 73.93892129999999
18.5204303 73.8567437
18.5158792 73.85803969999999
18.5944704 73.9275889
18.5053012 73.93892129999999
18.5419934 73.78161539999999
18.4914883 73.82172899999999
18.5323976 73.94406459999999
18.5538241 73.9476689
18.5204303 73.8567437
18.366277 73.7558777
18.4864727 73.79683399999999
18.500983 73.8452245
18.4864727 73.79683399999999
18.4860952 73.81950669999999
18.4890788 73.7924228
18.5204303 73.8567437
18.512471 73.866644
18.508934 73.92591019999999
18.5235518 73.906346
18.5349529 73.87618909999999
18.5524294 73.8974849
18.4835253 73.9527066
18.5204303 73.8567437
18.5590032 73.7867629
18.5106996 73.8492423
18.5204303 73.8567437
18.5212161 73.9570873
18.4596654 73.8692615
18.4595714 73.8118305
18.5082486 73.8440548
18.4961383 73.8384476
18.5679146 73.91434319999999
18.4877372 73.8704877
18.4574675 73.7698492
18.512164 73.869751
18.5512771 73.92098940000001
18.5304688 73.8299146
18.553295 73.9109977
18.5475794 73.9256786
18.5330323 73.933003
18.5529226 73.879711
18.5330323 73.933003
18.4690213 73.8640944
18.5323976 73.94406459999999
18.5635511 73.9325552
18.4529322 73.86523799999999
18.448235 73.867646
18.5164073 73.8560916
18.528435 73.8323492
18.508934 73.92591019999999
18.4695088 73.8889779
18.5214325 73.86763470000001
18.5839816 73.6050502
18.508934 73.92591019999999
18.4726725 73.9784573
18.5042247 73.81715810000001
18.4587777 73.8426415
18.516882 73.914672
18.4996865 73.9323081
18.5788913 73.7706807
18.5204303 73.8567437
18.5330323 73.933003
18.5204303 73.8567437
18.517454 73.8612411
18.5204303 73.8567437
18.5204303 73.8567437
18.5204303 73.8567437
18.517454 73.8612411
18.5204303 73.8567437
18.5204303 73.8567437
18.526739 73.862039
18.5228535 73.8620404
18.5158792 73.85803969999999
18.5621075 73.8975577
18.4486228 73.8329785
18.4695088 73.8889779
18.4726725 73.9784573
18.5018322 73.8635912
18.5944704 73.9275889
18.448235 73.867646
18.508934 73.92591019999999
18.5051349 73.8665321
18.4825399 73.8256755
18.5332778 73.937156
18.5204303 73.8567437
18.5538241 73.9476689
30.6615432 81.47183869999999
18.5292326 73.82499729999999
18.6441795 73.7707685
18.4695088 73.8889779
18.4654546 73.85468209999999
18.5051349 73.8665321
18.5204303 73.8567437
18.50363 73.957103
18.460691 73.869147
18.4901977 73.8397009
18.4644859 73.8048496
18.5608969 73.78782869999999
18.5091517 73.87103859999999
18.5009698 73.9429625
18.5082486 73.8440548
18.5083204 73.8567002
18.5292326 73.82499729999999
18.5512771 73.92098940000001
18.4726725 73.9784573
