18.5588292 73.7777972
18.528435 73.8323492
18.5204303 73.8567437
18.567751 73.8757204
18.51623 73.863327
18.511811 73.843687
18.4690213 73.8640944
26.0150758 76.3530979
18.5323976 73.94406459999999
18.5116565 73.8699182
18.4869571 73.9433299
18.508934 73.92591019999999
18.5709235 73.83508309999999
18.5204303 73.8567437
19.0948287 74.74797889999999
18.5573623 73.909201
18.554556 73.937714
18.4452577 73.8610191
18.564183 73.883881
18.4877372 73.8704877
18.5463286 73.9033139
18.4268492 73.8397009
18.5907515 73.9109977
18.5335485 73.9311902
18.4474889 73.82322549999999
19.1132337 73.7326775
18.5323976 73.94406459999999
18.5323976 73.94406459999999
18.6079035 73.9466363
18.4502069 73.8760946
18.5158057 73.9271644
18.5329125 73.8547709
18.5330323 73.933003
18.5475794 73.9256786
18.44788 73.857126
18.5204303 73.8567437
18.5529226 73.879711
19.0948287 74.74797889999999
18.5158189 73.86604539999999
18.461084 73.867595
18.4690213 73.8640944
18.5679146 73.91434319999999
18.5302579 73.8475577
18.5298285 73.9421362
18.5065487 73.82730819999999
18.520446 73.857384
18.5158792 73.85803969999999
18.512137 73.8521866
18.5512771 73.92098940000001
18.5235518 73.906346
18.500918 73.8470523
18.5000766 73.9623843
19.0948287 74.74797889999999
18.529846 73.914672
18.443059 73.815867
18.4563263 73.8208408
18.452625 73.8091898
18.5163849 73.8646399
18.5679146 73.91434319999999
19.0967928 72.8516953
18.4471444 73.8101999
18.5939432 73.9421462
28.5598703 77.2101916
18.5019469 73.86629169999999
18.5018322 73.8635912
18.5009698 73.9429625
18.5944704 73.9275889
18.5009698 73.9429625
18.5073147 73.8624256
18.6035421 73.9337777
18.4452577 73.8610191
18.5535272 73.84470569999999
18.5176333 73.8671232
18.4680656 73.9430283
18.5292326 73.82499729999999
18.5292326 73.82499729999999
18.5073514 73.8076543
18.508026 73.835099
18.508934 73.92591019999999
18.4726725 73.9784573
18.4894403 73.9566823
18.4474077 73.8483676
18.4726725 73.9784573
18.5636187 73.8949358
18.5292378 73.8251674
18.5591057 73.88674499999999
18.5907515 73.9109977
18.4529322 73.86523799999999
18.5235518 73.906346
18.5204303 73.8567437
18.5466777 73.8022046
18.4949019 73.8441118
18.466926 73.88617339999999
18.5116565 73.8699182
18.4532344 73.8693452
17.8076378 83.3678923
18.4654546 73.85468209999999
18.5548965 73.8962994
18.5063909 73.8602841
20.598224 74.2032581
18.4529322 73.86523799999999
18.5512771 73.92098940000001
18.5635511 73.9325552
20.598224 74.2032581
18.5318452 73.8805911
18.5529226 73.879711
18.5512771 73.92098940000001
18.5944704 73.9275889
18.5601649 73.8031335
18.4726725 73.9784573
18.5562145 73.9310105
18.5512771 73.92098940000001
18.5330323 73.933003
18.597398 73.91547849999999
18.4726725 73.9784573
19.1132337 73.7326775
19.5400902 77.04061469999999
19.0147656 73.7504215
18.5944704 73.9275889
18.4642915 73.85152289999999
18.5625986 73.8523582
18.4529322 73.86523799999999
18.4308601 73.8610191
18.4483159 73.86671799999999
31.1471305 75.34121789999999
18.553295 73.9109977
27.6791987 83.5070203
18.5204303 73.8567437
18.5509643 73.9168593
18.4949019 73.8441118
18.5158057 73.9271644
18.5204303 73.8567437
18.5944704 73.9275889
18.5529226 73.879711
18.5309059 73.849306
18.5620129 73.9339534
18.5323976 73.94406459999999
18.5415099 73.7924769
18.4726725 73.9784573
18.5442047 73.8356575
18.5491105 73.7912815
18.2769367 73.6219158
18.5204303 73.8567437
18.5058469 73.8705748
18.5625986 73.8523582
18.4654546 73.85468209999999
18.4553953 73.8662748
18.366277 73.7558777
18.5018322 73.8635912
18.5204303 73.8567437
18.5083204 73.8567002
18.4654546 73.85468209999999
18.5073514 73.8076543
18.5679146 73.91434319999999
18.5018322 73.8635912
18.5144313 73.86538329999999
18.5466777 73.8022046
18.5625986 73.8523582
18.5304688 73.8299146
18.5625986 73.8523582
18.5625986 73.8523582
18.5214325 73.86763470000001
18.454439 73.853174
18.5155956 73.862085
18.4676399 73.859032
15.9128998 79.7399875
18.5204303 73.8567437
18.5044103 73.93343589999999
18.5018322 73.8635912
18.5204303 73.8567437
18.5204303 73.8567437
18.4474889 73.82322549999999
18.4471444 73.8101999
18.4471444 73.8101999
18.4659813 73.8246309
18.7372002 73.6389598
18.4471444 73.8101999
18.5214325 73.86763470000001
18.5165436 73.8366021
18.5323976 73.94406459999999
18.1467496 73.97691999999999
18.5880455 73.9610311
18.5318452 73.8805911
24.5775148 77.7318495
18.5330323 73.933003
19.0719691 73.5356936
18.518769 73.868725
18.508934 73.92591019999999
18.5371425 73.7889198
28.5572098 77.2127891
18.4690213 73.8640944
18.5679146 73.91434319999999
18.4654546 73.85468209999999
18.5204303 73.8567437
18.5512771 73.92098940000001
18.5512771 73.92098940000001
18.5572414 73.9252534
18.5402171 73.8875797
18.5529226 73.879711
18.4658999 73.9340859
19.1132337 73.7326775
18.6822022 73.9001184
19.2403305 73.1305395
18.4914531 73.8367889
18.5529226 73.879711
18.5529226 73.879711
18.4829493 73.8267429
18.5018322 73.8635912
18.5204303 73.8567437
18.4557382 73.8567119
18.4654546 73.85468209999999
18.466969 73.857603
18.4824019 73.9323081
18.4695088 73.8889779
18.5323976 73.94406459999999
18.4971535 73.8580894
18.5330323 73.933003
18.4539614 73.802554
18.5235518 73.906346
18.5512771 73.92098940000001
18.5590032 73.7867629
18.5040461 73.9161418
18.4847666 73.9022123
18.5639463 73.81029269999999
18.4726725 73.9784573
19.1132337 73.7326775
18.5204303 73.8567437
18.5057399 73.87089639999999
18.5597556 73.93590259999999
19.1132337 73.7326775
18.5204303 73.8567437
18.5204303 73.8567437
18.5375574 73.7957946
18.4542527 73.9315733
18.5286 73.8775833
18.4471444 73.8101999
18.5590032 73.7867629
18.4471444 73.8101999
18.434268 73.80948479999999
18.5083204 73.8567002
18.4690213 73.8640944
18.5204303 73.8567437
18.5349529 73.87618909999999
18.5052167 73.9170338
18.4867649 73.9425145
18.502703 73.926296
18.5286 73.8775833
18.5176333 73.8671232
19.0948287 74.74797889999999
18.4749851 73.80245740000001
18.4695088 73.8889779
18.5471748 73.8202184
18.4606924 73.8404482
18.5009832 73.9512384
18.5053012 73.93892129999999
18.5063909 73.8602841
18.5118048 73.8431451
18.4654546 73.85468209999999
18.4730151 73.8193703
18.4462462 73.82572119999999
18.4468545 73.82586189999999
18.4940191 73.8257325
18.4497032 73.8741773
19.1132337 73.7326775
18.5292326 73.82499729999999
18.5116565 73.8699182
18.5204303 73.8567437
18.5204303 73.8567437
18.5626966 73.9372298
18.4482155 73.8704638
18.47628 73.8172788
18.5204303 73.8567437
19.1132337 73.7326775
18.5204303 73.8567437
18.4607365 73.9716382
18.1047247 74.45647129999999
18.469888 73.85036029999999
18.5204303 73.8567437
18.4471444 73.8101999
18.494138 73.86923019999999
19.1132337 73.7326775
18.502384 73.843954
18.564084 73.802703
18.5680543 73.8508694
18.5051349 73.8665321
18.4220534 73.85954269999999
18.5591057 73.88674499999999
18.5204303 73.8567437
18.5709235 73.83508309999999
18.5051349 73.8665321
18.4452577 73.8610191
18.5204303 73.8567437
19.002473 72.84205539999999
18.5463286 73.9033139
18.5330323 73.933003
18.5529226 73.879711
18.5204303 73.8567437
18.5591057 73.88674499999999
18.5626966 73.9372298
29.9093759 73.87998050000002
18.5204303 73.8567437
18.4940191 73.8257325
18.5009698 73.9429625
18.44788 73.857126
18.5626966 73.9372298
18.5323976 73.94406459999999
18.4869571 73.9433299
18.5000482 73.85901319999999
18.5204303 73.8567437
18.508934 73.92591019999999
18.54558 73.7789037
18.4847666 73.9022123
18.4847666 73.9022123
18.5419934 73.78161539999999
18.4587777 73.8426415
18.4726725 73.9784573
51.4817279 -0.613576
18.597398 73.91547849999999
20.0600043 75.85196739999999
18.5944704 73.9275889
18.5932724 73.9275318
18.5323976 73.94406459999999
18.5204303 73.8567437
18.5204303 73.8567437
18.5217498 73.9043836
18.4941368 73.94890199999999
18.4609588 73.8222308
18.5204303 73.8567437
18.5292326 73.82499729999999
18.5204303 73.8567437
18.5204303 73.8567437
18.5664531 73.8117263
18.5549671 73.796915
18.5419934 73.78161539999999
18.5323976 73.94406459999999
18.5643864 73.8794466
18.4690213 73.8640944
18.4877372 73.8704877
18.4587777 73.8426415
18.5243431 73.851463
18.534521 73.838649
18.5040461 73.9161418
18.4646316 73.8602841
18.5040461 73.9161418
18.5204303 73.8567437
18.5036227 73.8698398
18.5679146 73.91434319999999
18.508934 73.92591019999999
18.4620638 73.8627949
18.4587777 73.8426415
18.5204303 73.8567437
18.508934 73.92591019999999
18.5221459 73.9587593
19.0948287 74.74797889999999
18.5309059 73.849306
18.4738871 73.8893532
