18.5170201 73.8330301
18.5144888 73.8400018
18.5150239 73.8499993
18.5082486 73.8440548
18.511829 73.8544083
18.5110819 73.8368473
18.5038924 73.85692449999999
18.5174833 73.8427196
18.5031163 73.8447202
18.521203 73.84617899999999
18.5083204 73.8567002
18.5054312 73.8232702
18.5204303 73.8567437
18.5251014 73.8500578
18.518809 73.85941
18.5204303 73.8567437
18.5308164 73.84794269999999
18.5082479 73.859162
18.509812 73.8506064
18.5246394 73.8423724
17.3966788 78.48584989999999
18.5453894 73.8855219
18.522838 73.866801
18.4931899 73.854919
18.5054281 73.8523646
18.5093861 73.8360871
18.4926479 73.8696106
18.5054281 73.8523646
18.4924293 73.87292649999999
18.5096837 73.8669748
18.5012455 73.8662985
18.517345 73.856533
18.5138062 73.8476045
18.497895 73.853298
18.5034374 73.8522216
18.517124 73.848265
18.5103494 73.8594265
18.5009622 73.93312399999999
18.5038265 73.81963069999999
18.5141808 73.8476036
18.509812 73.8506064
18.512489 73.86118119999999
18.5169928 73.83477180000001
18.5258965 73.8610191
18.524522 73.85556
18.5273591 73.8301554
18.48068 73.861817
18.5168955 73.8590385
18.5204303 73.8567437
18.5053296 73.82330879999999
18.5324846 73.8374954
18.505573 73.8505761
18.5119878 73.8443854
18.4956151 73.8110279
18.4877023 73.8441118
18.5122253 73.8500482
18.474851 73.8563903
18.5147847 73.84955769999999
18.5317818 73.8676816
18.509812 73.8506064
18.5163357 73.8710629
18.4873377 73.89372709999999
18.5053296 73.82330879999999
18.5214062 73.8558972
18.503825 73.855977
18.5053296 73.82330879999999
18.5297608 73.85299909999999
18.533149 73.837065
18.5122112 73.849863
18.5122112 73.849863
18.510684 73.81392699999999
18.568276 73.879795
18.5051757 73.8574639
18.5108864 73.8421479
18.5114484 73.83653699999999
18.4956151 73.8110279
18.5022809 73.8184773
18.5229965 73.8521726
18.5161429 73.8638131
18.5009698 73.9429625
18.5722812 73.8784014
18.5104286 73.8166897
18.5302599 73.876847
18.5079856 73.79535609999999
18.5234569 73.83758879999999
18.495778 73.82086199999999
18.56802 73.8816001
18.5158674 73.8475936
18.4775848 73.8572753
18.5115069 73.86280479999999
18.5204303 73.8567437
18.525032 73.84344469999999
18.5009698 73.9429625
18.5348639 73.88742189999999
18.5302599 73.876847
18.5370289 73.8292613
18.5001101 73.93979379999999
18.5053296 73.82330879999999
18.507568 73.822642
18.5267571 73.8511485
18.5150725 73.8536124
18.485693 73.860306
18.4570504 73.85851269999999
18.5298614 73.83541319999999
18.4956151 73.8110279
28.653643 77.282977
18.5290252 73.8299237
18.4915194 73.85758849999999
18.560133 73.9154381
18.509218 73.814977
18.4999492 73.8400685
18.4915194 73.85758849999999
18.4962177 73.8495107
18.529208 73.8432818
18.5046721 73.8203283
18.517755 73.8405267
18.5030307 73.92560329999999
18.4907668 73.9324226
18.4894374 73.86366819999999
18.4957204 73.8589753
18.5195313 73.8515417
18.5019985 73.9306778
18.5268326 73.8297153
18.4952009 73.81368619999999
18.4703521 73.9430491
18.4703521 73.9430491
18.5073514 73.8076543
18.5009079 73.930516
18.4710409 73.8639767
18.504822 73.844336
18.5532899 73.9110084
18.4914052 73.81836799999999
18.4914052 73.81836799999999
18.5154831 73.8689203
18.5001101 73.93979379999999
18.4615471 73.8763859
18.514255 73.85550599999999
18.5605279 73.80712780000002
18.4751643 73.9163146
18.5133791 73.8284436
18.5623075 73.9165951
18.4919984 73.85344909999999
18.5729637 73.87866249999999
18.4792752 73.8617177
18.5005991 73.9359664
18.5161312 73.86283379999999
18.464925 73.8637555
18.553613 73.899653
18.4811152 73.8259315
18.5082469 73.8093385
18.5104229 73.84786679999999
18.5524767 73.80960520000001
18.5050977 73.8251477
18.5204303 73.8567437
18.523819 73.846946
18.5610726 73.8132534
18.4901049 73.86836699999999
18.4663131 73.8661633
18.5081686 73.9027342
18.5541722 73.8264239
18.5640271 73.88485140000002
18.511308 73.806732
18.5073969 73.80992499999999
18.498724 73.838819
18.5150275 73.83059159999999
18.5023313 73.93090289999999
18.5083204 73.8567002
18.4911259 73.8565574
18.549781 73.87894849999999
18.496359 73.85343499999999
18.5200854 73.8458055
18.5007556 73.9364259
18.4835994 73.8899137
18.5047031 73.9305897
18.4746884 73.8587072
18.5048637 73.8304066
18.5194431 73.85193559999999
18.508934 73.92591019999999
18.5602037 73.9157809
18.525657 73.8516099
18.510684 73.81392699999999
18.5053296 73.82330879999999
18.5097733 73.8033588
18.4884141 73.81974009999999
18.532717 73.83366099999999
18.4973161 73.8581342
18.4689626 73.8572257
18.519945 73.84103499999999
18.4799506 73.8569239
18.4954716 73.8584004
18.509812 73.8506064
18.5116565 73.8699182
18.5082479 73.859162
18.5073799 73.80834
18.5258965 73.8610191
18.4665103 73.8552304
18.4890271 73.85699919999999
18.5529226 73.879711
18.5010253 73.8216554
18.5204303 73.8567437
18.5064175 73.8506968
18.5718554 73.8788668
18.4857798 73.88931199999999
18.4915194 73.85758849999999
18.486462 73.816221
18.471765 73.863817
18.471765 73.863817
18.4915246 73.85758849999999
18.5513681 73.9240414
18.4940072 73.8135234
18.488349 73.821597
18.4663039 73.8230428
18.4914903 73.8575883
18.4659554 73.8600604
18.4819732 73.8279381
18.521463 73.865402
18.511099 73.866558
18.5073255 73.85160739999999
18.456263 73.83354899999999
18.5041261 73.803905
18.4973159 73.8114415
18.4792214 73.8247152
18.5087897 73.87407809999999
18.522604 73.869484
18.4463385 73.8511434
18.51987 73.846695
18.508168 73.85718299999999
18.4864727 73.79683399999999
18.48162 73.8291181
18.5204303 73.8567437
18.5066747 73.803732
18.5188306 73.8539677
18.492095 73.9001777
18.5191404 73.8425608
18.481539 73.80672299999999
18.5512771 73.92098940000001
18.5631134 73.9331382
18.5053916 73.8175296
18.4663039 73.8230428
18.5015762 73.9357855
18.5122462 73.8502123
18.5199621 73.8670312
18.5071155 73.8145523
18.501588 73.934131
18.4474077 73.8483677
18.4919553 73.9345125
18.509889 73.85825
18.4654267 73.85411429999999
18.5725055 73.8814163
18.5011691 73.93850789999999
18.5019469 73.86629169999999
29.9995069 75.3936808
18.522604 73.869484
18.5044158 73.8027195
18.4710409 73.8639767
18.5310973 73.9417524
18.51443 73.86903099999999
18.4654546 73.85468209999999
18.475819 73.8553578
18.5009104 73.7520468
18.5144313 73.86538329999999
18.4705576 73.8847947
18.4949392 73.8616838
18.5585971 73.9273808
18.5545078 73.7747732
18.5721828 73.8786913
18.4928939 73.9005202
18.51443 73.86903099999999
18.5435075 73.7842581
18.549567 73.878697
18.47221 73.923766
18.5092281 73.8511526
18.4914883 73.82172899999999
18.5636187 73.8949358
18.5135723 73.86092
18.501736 73.93498
18.4805597 73.826452
18.4805033 73.8031692
18.5412879 73.829871
18.5009764 73.84523329999999
18.5041719 73.82615000000001
18.5027252 73.8078287
18.4916261 73.89728629999999
18.4663039 73.8230428
18.5047031 73.9305897
18.4615762 73.8104204
18.5108626 73.8489819
18.5081751 73.7975056
18.4825969 73.810029
18.5121696 73.7823327
18.5726054 73.8782079
18.5009622 73.93312399999999
18.5167152 73.7738995
18.519577 73.84580799999999
18.5026372 73.932091
18.4724728 73.8889009
18.5486621 73.88942089999999
18.4868115 73.8880288
18.5605279 73.80712780000002
18.4757081 73.8578129
18.5190903 73.86135250000001
18.5262039 73.8356575
18.4792214 73.8247152
18.5067147 73.8314884
18.5214325 73.86763470000001
18.5705388 73.83804789999999
18.4816612 73.8662105
18.524522 73.85556
18.5054281 73.8523646
18.5555551 73.8094874
18.5707389 73.87966569999999
18.4866136 73.87500030000001
18.492248 73.85742139999999
18.545794 73.886573
18.51443 73.86903099999999
18.5082486 73.8440548
18.4840972 73.8110279
18.557817 73.909049
18.5051837 73.8341281
18.5180869 73.835409
18.5529226 73.879711
18.47793 73.798232
18.4923126 73.85467899999999
18.4669548 73.8227792
18.551786 73.89737960000001
18.5083286 73.8085395
18.5603532 73.9310687
18.4868115 73.8880288
18.5627834 73.9376963
18.5204303 73.8567437
18.5605279 73.80712780000002
18.5036227 73.8698398
18.4601964 73.81239819999999
18.5597055 73.80610349999999
18.5202991 73.9067455
18.5314419 73.8445617
18.5204303 73.8567437
18.471834 73.854604
18.4894832 73.8148586
18.5009698 73.9429625
18.5529226 73.879711
18.4825202 73.9313595
18.5060841 73.85392100000001
18.500076 73.8044105
18.4639924 73.8529332
18.4811021 73.8064126
18.5083292 73.79434599999999
18.5220154 73.8471457
18.5180779 73.8658346
18.5062726 73.79301149999999
18.4994656 73.9468946
18.4710104 73.8575735
18.554799 73.905065
18.5054493 73.7999987
18.4877372 73.8704877
18.5309121 73.9122593
18.5134938 73.8394
18.5181306 73.83606329999999
18.5090866 73.8118373
18.5640271 73.88485140000002
18.4797604 73.828007
18.5191366 73.8399448
18.5074876 73.8076395
18.5463682 73.9242621
18.5628556 73.9293076
18.5204303 73.8567437
18.4914954 73.8575883
18.4611313 73.8581358
18.5727162 73.8785659
18.4654546 73.85468209999999
18.4478318 73.8806598
18.5601649 73.8031335
18.4517082 73.8442967
18.47221 73.923766
18.4757476 73.8622224
18.5629516 73.8942321
18.446892 73.86013299999999
18.508322 73.846565
18.4759201 73.8231009
18.5189667 73.84463629999999
18.4654546 73.85468209999999
18.5327382 73.8742312
18.5104995 73.817996
18.5083172 73.8724995
18.5623057 73.9118927
18.5150473 73.8305084
18.5067122 73.8050181
18.4915194 73.85758849999999
18.5241442 73.8437672
18.510684 73.81392699999999
18.5737599 73.8845683
18.4603383 73.8691717
18.5204303 73.8567437
18.492203 73.818699
18.5601649 73.8031335
18.5626881 73.9408898
18.529235 73.83803499999999
18.5132951 73.90707669999999
18.5047911 73.9270623
18.5082479 73.859162
18.5284219 73.8425342
18.481013 73.872542
18.496024 73.81368599999999
18.480184 73.801063
18.5626507 73.9381453
25.4358011 81.846311
18.5362863 73.8802558
18.504772 73.941127
18.5726054 73.8782079
18.4924375 73.8580776
18.5181655 73.86641039999999
18.4969602 73.854123
18.4834875 73.85405209999999
18.4620989 73.8663483
18.4812263 73.8624355
18.5314419 73.8445617
18.4926111 73.9036983
18.518359 73.87052899999999
18.5094698 73.8482354
18.5297608 73.85299909999999
18.501234 73.818961
18.5212064 73.8660727
18.4886489 73.8579381
18.5106607 73.81766809999999
18.4872127 73.8570421
18.477786 73.86220329999999
18.5730635 73.7753501
18.511404 73.92922999999999
18.493488 73.931565
18.5047031 73.9305897
18.4910885 73.8582296
18.5191845 73.86594529999999
18.4690213 73.8640944
18.5114277 73.8704485
18.4852986 73.87181520000001
18.5031702 73.8999937
18.5368801 73.87621759999999
18.4994268 73.9377305
18.4907221 73.8994288
18.4852986 73.87181520000001
18.4883879 73.79688159999999
18.4847652 73.85178379999999
18.493417 73.856223
18.4778199 73.8890713
18.501787 73.933308
18.516723 73.851682
18.5164866 73.7817925
18.5061822 73.85287029999999
18.4631362 73.8166324
18.5620238 73.9286824
18.5724367 73.8371895
18.5314419 73.8445617
18.4663131 73.8661633
18.5041255 73.8518089
18.524601 73.87697
18.5675935 73.9482096
18.4995216 73.8222805
18.4876541 73.86836970000002
18.4860387 73.81440700000002
18.5628645 73.9319802
18.485861 73.84963599999999
18.5204303 73.8567437
18.4783489 73.8243008
18.4695088 73.8889779
18.504822 73.844336
18.4644444 73.8154394
18.5258965 73.8610191
18.4967361 73.86232849999999
18.508322 73.846565
18.5154741 73.8500717
18.4690213 73.8640944
18.5011838 73.8409641
18.5594553 73.8037212
18.5219156 73.8293048
18.4710104 73.8575735
18.522387 73.863942
18.525209 73.84945499999999
18.5336133 73.877178
18.5109506 73.8370631
18.4496688 73.8577839
18.5244752 73.8438402
18.4603849 73.8652843
18.4643946 73.85932009999999
18.4730151 73.8193703
18.5625247 73.8106531
18.4739268 73.88702300000001
18.5594131 73.80254479999999
18.5629672 73.9364981
18.476679 73.8580788
18.4686855 73.85570080000001
18.5082396 73.791305
18.48489 73.904974
18.5061558 73.8443539
18.5001848 73.9399711
18.5675935 73.9482096
18.5164981 73.8539936
18.516796 73.8595484
18.5007274 73.84615629999999
18.5063637 73.7858266
18.5007886 73.82241239999999
18.5007556 73.9364259
18.5078638 73.9372173
18.5410689 73.9356306
18.4956151 73.8110279
18.4449038 73.85726249999999
18.5532778 73.8971667
18.505012 73.8588608
18.5085705 73.8456624
19.0759837 72.8776559
18.5010547 73.82506459999999
18.4777502 73.8239695
18.5178991 73.8644813
18.4611313 73.8581358
18.564629 73.780627
18.522979 73.844725
18.507388 73.805733
18.496729 73.8128311
18.4585451 73.88968489999999
18.4649676 73.81563659999999
18.4808852 73.8046403
18.511317 73.937715
18.5155202 73.9327636
18.5686664 73.834158
18.508934 73.92591019999999
18.5835942 73.88674499999999
18.4923126 73.85467899999999
18.4833462 73.9315475
18.4997472 73.9441794
18.5315019 73.8473739
18.4722983 73.88102049999999
18.5120852 73.7928115
18.5016016 73.9405625
18.492451 73.831273
18.492451 73.831273
18.5511614 73.93777770000001
18.4655664 73.85567630000001
18.4463385 73.8511434
18.4683137 73.8198209
18.5178847 73.84391889999999
18.5118048 73.8431451
18.485711 73.796765
18.4651708 73.8465313
18.5512771 73.92098940000001
18.5121068 73.8071473
18.5300744 73.8305113
18.5026149 73.9342168
18.4949933 73.8283835
18.4757335 73.795739
18.5017917 73.9331376
18.4884541 73.9331333
18.4702781 73.88843779999999
18.5248548 73.8416287
18.4053059 73.7691852
18.5165556 73.85479389999999
18.4746162 73.88451069999999
18.59086 73.8896326
18.5628645 73.9319802
18.5008651 73.8535835
18.58734 73.886882
18.4804254 73.8532105
18.5113003 73.83914279999999
18.5082486 73.8440548
18.5035195 73.9273047
18.4491326 73.81049279999999
18.4541927 73.81165519999999
18.4851839 73.8514089
18.5262487 73.8559358
18.5144313 73.86538329999999
18.495128 73.8147989
18.501335 73.9300956
18.5628645 73.9319802
18.5036371 73.85899859999999
18.5514425 73.9412212
18.5181066 73.8537783
18.5028453 73.8531823
18.502188 73.92868399999999
18.5619384 73.9109977
18.5788913 73.7706807
18.5350571 73.8804057
18.5675531 73.91859149999999
18.5086456 73.8448469
18.5324846 73.8374954
18.5762203 73.7690913
18.5788913 73.7706807
18.469418 73.86362299999999
18.4917685 73.8511099
18.5596567 73.8148114
18.5594833 73.92785150000002
18.5556501 73.8010647
18.4473684 73.8158043
18.4476953 73.8659181
18.5323557 73.8769664
18.5511443 73.9411818
18.456417 73.865512
18.5463286 73.9033139
18.5631969 73.9329084
18.5239064 73.847749
18.4830869 73.79621780000001
18.559652 73.93088399999999
18.45225 73.890655
18.4576481 73.8745472
18.5310016 73.8757692
18.5961931 73.89999879999999
18.5593111 73.78958899999999
18.5009622 73.93312399999999
18.4473959 73.848086
18.5618572 73.9354207
18.5618572 73.9354207
18.5287801 73.83009140000001
18.560278 73.805196
18.5330323 73.933003
18.5564359 73.9331536
18.5007556 73.9364259
18.5009698 73.9429625
18.4952162 73.8147042
18.5189349 73.8658714
18.5641543 73.78187
18.5728518 73.87800299999999
18.508539 73.809792
18.5526909 73.7939411
18.5609836 73.938526
18.4698231 73.8892049
18.5014151 73.810982
18.5882705 73.8873673
18.4893443 73.8149272
18.5629689 73.93649340000002
18.5438853 73.9248582
18.4318073 73.8098212
18.50195 73.93100799999999
18.4713196 73.8544034
18.5053296 73.82330879999999
18.5023597 73.8690037
18.4646966 73.86051379999999
18.451309 73.8575374
18.5577467 73.79330960000001
18.5126407 73.82886859999999
18.5141678 73.8497905
18.5219404 73.907916
27.1766701 78.00807449999999
18.4798407 73.8906968
19.8920686 86.091184
18.4927905 73.8485031
18.545412 73.93675
18.5287659 73.8478822
18.5009698 73.9429625
18.5141703 73.85702979999999
18.5006808 73.94139899999999
18.463628 73.813951
18.5259423 73.8526347
18.4611334 73.8581359
18.5009764 73.84523329999999
18.509104 73.8214821
18.4966153 73.8119813
18.4859302 73.93065279999999
18.4478013 73.8105076
18.4811096 73.806422
18.5050656 73.81804319999999
18.501335 73.9300956
18.5865887 73.8962994
