18.5133628 73.85383949999999
18.5204303 73.8567437
18.4901977 73.8397009
18.5362084 73.8939748
18.5020208 73.8150849
18.4452577 73.8610191
18.5144313 73.86538329999999
18.5204303 73.8567437
18.4726725 73.9784573
18.5204303 73.8567437
18.559234 73.87850999999999
18.5091098 73.8552472
18.4940703 73.86763470000001
18.5204303 73.8567437
18.5204303 73.8567437
18.5158792 73.85803969999999
18.5323976 73.94406459999999
18.5788913 73.7706807
18.4654546 73.85468209999999
18.5073514 73.8076543
18.4952128 73.8167261
18.5384839 73.93559139999999
18.4869571 73.9433299
18.5204303 73.8567437
18.9801516 72.8346543
18.5788913 73.7706807
18.5204303 73.8567437
18.563108 73.83290269999999
18.5204303 73.8567437
18.4962306 73.95269789999999
18.5204303 73.8567437
18.5158792 73.85803969999999
18.5051349 73.8665321
18.5053012 73.93892129999999
18.4914883 73.82172899999999
18.4864727 73.79683399999999
18.4890788 73.7924228
18.5524294 73.8974849
18.5106996 73.8492423
18.1529686 74.087386
18.5231959 73.85383639999999
18.5204303 73.8567437
18.4961383 73.8384476
18.512164 73.869751
18.4726725 73.9784573
18.5475794 73.9256786
18.5529226 73.879711
18.508934 73.92591019999999
18.4587777 73.8426415
18.516882 73.914672
18.4996865 73.9323081
18.5788913 73.7706807
18.5204303 73.8567437
18.517454 73.8612411
18.5204303 73.8567437
18.5204303 73.8567437
18.5228535 73.8620404
18.527059 73.862528
18.4726725 73.9784573
18.5018322 73.8635912
18.448235 73.867646
18.4529322 73.86523799999999
18.5529226 73.879711
18.5204303 73.8567437
30.6615432 81.47183869999999
18.4654546 73.85468209999999
18.50363 73.957103
18.366277 73.7558777
29.9093759 73.87998050000002
