18.504608 73.839647 69.86160413660413
18.5080971 73.83133839999999 72.16987433862434
18.5304701 73.8636116 73.59075727513228
18.5018322 73.8635912 72.50653108465609
18.5117669 73.85587360000001 69.65582010582011
18.5379863 73.8355656 70.26134259259258
18.5602765 73.8151931 72.16486441798942
18.4836577 73.80982089999999 71.11279761904761
18.45999 73.81626659999999 67.97757936507936
18.5415099 73.7924769 69.85515873015875
18.5400616 73.8514971 73.17705026455026
18.4698714 73.85844639999999 73.44689153439153
18.5695125 73.8101171 69.61527447089946
18.5204303 73.8567437 71.54206349206349
18.5238084 73.853071 70.8924603174603
18.5204303 73.8567437 71.03287037037036
18.5664239 73.8756541 66.74935515873015
18.510076 73.86856499999999 64.75988756613758
18.516366 73.8466847 62.39363425925925
18.4444385 73.86299369999999 60.81063161375661
18.5195158 73.8601003 62.642708333333324
18.5086429 73.8314091 63.1493220899471
18.4454128 73.7801447 64.31448412698414
18.488461 73.8278457 67.16058201058202
18.5565703 73.90737759999999 66.41360780423281
18.5108864 73.8421479 54.87213955026454
18.5262332 73.8711312 58.64497354497354
18.5154592 73.8544175 59.09651124338624
18.5488531 73.8248777 64.52298280423281
18.5314002 73.8690629 58.22511574074074
18.5578725 73.92551259999999 76.10398478835978
18.5501268 73.9323019 76.37243716931218
18.5082562 73.9165173 76.30052910052912
18.5109926 73.9157674 76.74604828042328
18.5067122 73.8050181 82.76478174603174
